159
159
159
159
159
159
159
159
159
159
159
159
159
159
159
159
159
159
159
159
159
159
159
159
159
159
159
159
159
159
159
159
159
159
159
159
159
159
159
159
159
159
159
159
159
159
159
159
159
159
159
159
159
159
159
159
159
159
159
159
159
159
159
159
159
159
159
159
159
159
159
159
159
159
159
159
159
159
159
159
159
159
159
159
159
159
159
159
159
159
159
159
159
159
159
159
159
159
159
159
159
159
159
159
159
159
159
159
159
159
159
159
159
159
159
159
159
159
159
159
159
159
159
159
159
159
159
159
159
159
159
159
159
159
159
159
159
159
159
159
159
159
159
159
159
159
158
158
158
158
158
158
159
159
159
159
159
159
158
158
159
157
154
153
154
155
154
155
157
159
158
156
157
157
154
152
159
156
150
148
149
152
150
151
156
158
157
154
156
155
150
147
157
155
152
151
152
153
152
153
155
157
156
154
156
156
154
152
150
149
148
148
148
149
148
149
149
150
149
149
150
151
154
155
136
136
136
136
136
136
136
136
136
136
136
136
137
140
146
149
128
128
128
128
128
128
128
128
128
128
128
128
129
131
135
138
0
0
21
16
6
0
16
13
5
1
18
15
8
4
18
18
11
7
