0
0
21
16
6
0
16
13
5
1
18
15
8
4
18
18
11
7
254
0
0
0
0
0
0
0
0
0
1
0
0
0
2
0
0
0
254
0
0
0
0
0
0
0
0
0
0
1
1
0
2
4
4
2
254
0
0
0
0
0
0
0
0
0
0
0
0
0
0
0
0
0
2
254
21
20
13
6
20
21
14
6
19
20
13
7
15
17
14
13
254
254
2
1
0
0
3
4
2
0
9
10
5
2
16
15
8
5
254
254
3
8
8
3
2
5
5
2
2
4
5
2
6
9
10
5
254
2
2
3
1
0
3
5
2
0
2
3
1
0
1
0
0
0
2
254
11
15
16
18
11
12
14
18
13
16
19
18
7
9
10
10
254
254
17
11
7
8
14
7
4
5
13
8
7
8
6
4
4
5
254
254
9
10
10
5
3
3
5
3
8
6
5
6
5
5
3
4
0
0
0
0
0
0
2
1
0
0
5
5
2
0
10
9
4
1
2
2
5
5
6
7
0
254
255
2
6
5
6
7
254
254
254
0
254
0
3
1
2
4
255
0
0
1
249
253
255
0
240
249
254
0
254
0
3
4
5
7
0
1
1
2
0
0
0
0
0
0
0
0
254
0
6
4
6
6
1
1
2
3
0
0
1
4
0
0
1
3
