138
143
153
159
159
159
159
159
159
159
159
159
159
159
159
159
143
146
154
158
159
159
159
159
159
159
159
159
159
159
159
159
141
144
151
155
158
159
159
159
159
158
158
159
159
159
159
159
141
141
148
152
157
159
159
159
157
155
155
157
159
159
159
159
138
139
146
153
157
158
159
159
156
151
151
156
157
156
158
159
139
138
145
153
156
155
157
159
157
154
154
157
156
154
157
159
140
139
146
152
150
149
154
157
157
155
154
157
157
156
158
159
143
141
144
145
142
143
150
153
152
149
149
154
158
159
159
159
143
138
138
137
137
142
147
147
145
145
147
154
159
159
159
159
139
136
135
134
136
141
145
147
147
148
151
155
157
158
158
158
139
135
133
135
139
143
145
145
144
147
150
151
152
152
152
152
141
139
138
139
142
144
144
144
143
144
146
146
146
146
146
146
149
148
148
148
149
150
150
149
149
149
150
150
150
150
150
150
150
150
150
150
149
148
148
148
148
148
148
148
148
148
148
148
146
146
146
146
143
139
137
136
136
136
136
136
136
136
136
136
150
150
150
149
144
135
130
128
128
128
128
128
128
128
128
128
